h12oqywhsasbajkwi34454
www.midominio.com.ar
h12oqywhsasbajkwi34455
h12oqywhsasbajkwi34456
h12oqywhsasbajkwi34457
h12oqywhsasbajkwi34458
h12oqywhsasbajkwi34459
h12oqywhsasbajkwi34460
h12oqywhsasbajkwi34461
www.midominio.com.ar
www.midominio.com.ar
www.midominio.com.ar
www.midominio.com.ar
www.midominio.com.ar
